% Returns Initial Bus datas of the system...

function busdt = busdatas(num)

% Type....
% 1 - Slack Bus..
% 2 - PV Bus..
% 3 - PQ Bus..

        
 %         |Bus | Type | Vsp | theta | PGi | QGi | PLi | QLi |  Qmin | Qmax |
busdat30 = [1     1    1.06    0       0     0     0     0       0       0;
            2     2    1.043   0      40   50.0  21.7   12.7    -40     50;
            3     3    1.0     0       0     0    2.4    1.2     0       0;
            4     3    1.06    0       0     0    7.6    1.6     0       0;
            5     3    1.01    0      20   37.0  94.2   19.0    -40     40;
            6     2    1.0     0       0    0    0.0    0.0     0       0;
            7     3    1.0     0       0     0   22.8   10.9     0       0;
            8     3    1.01    0      12   37.3  30.0   30.0    -10     40;
            9     3    1.0     0       0     0    0.0    0.0     0       0;
            10    3    1.0     0       0   19.0   5.8    2.0     0       0;
            11    3    1.082   0      12   12.2   0.0    0.0    -6      24;
            12    3    1.0     0       0     0   11.2    7.5     0       0;
            13    2    1.071   0      15   10.6   0.0    0.0    -6      24;
            14    3    1.0     0       0     0    6.2    1.6     0       0;
            15    3    1.0     0       0     0    8.2    2.5     0       0;
            16    3    1.0     0       0     0    3.5    1.8     0       0;
            17    3    1.0     0       0     0    9.0    5.8     0       0;
            18    3    1.0     0       0     0    3.2    0.9     0       0;
            19    3    1.0     0       0     0    9.5    3.4     0       0;
            20    3    1.0     0       0     0    2.2    0.7     0       0;
            21    3    1.0     0       0     0   17.5   11.2     0       0;
            22    2    1.0     0       0     0    0.0    0.0     0       0;
            23    3    1.0     0       0     0    3.2    1.6     0       0;
            24    3    1.0     0       0    4.3   8.7    6.7     0       0;
            25    3    1.0     0       0     0    0.0    0.0     0       0;
            26    3    1.0     0       0     0    3.5    2.3     0       0;
            27    2    1.0     0       0     0    0.0    0.0     0       0;
            28    3    1.0     0       0     0    0.0    0.0     0       0;
            29    3    1.0     0       0     0    2.4    0.9     0       0;
            30    3    1.0     0       0     0   10.6    1.9     0       0 ];
        
 busdat118 =[   1	2	0.955	0	0	0	51	27	15	 -5
                2	1	0.971	0	0	0	20	9	0	  0
                3	1	0.968	0	0	0	39	10	0	  0
                4	2	0.998	0	0	0	39	12	300	 -300
                5	1	1.002	0	0	0	0	0	0	  0
                6	2	0.99	0	0	0	22	12	50	 -13
                7	1	0.989	0	0	0	19	2	0	  0
                8	2	1.015	0	0	0	28	0	300	 -300
                9	1	1.043	0	0	0	0	0	0	  0
                10	2	1.05	0	250	0	0	0	200	 -147
                11	1	0.985	0	0	0	70	23	0	  0
                12	2	0.99	0	85	0	47	10	120	 -35
                13	1	0.968	0	0	0	34	16	0	  0
                14	1	0.984	0	0	0	14	1	0	  0
                15	2	0.97	0	0	0	90	30	30	 -10
                16	1	0.984	0	0	0	25	10	0	  0
                17	1	0.995	0	0	0	11	3	0	  0
                18	2	0.973	0	0	0	20	34	50	 -16
                19	2	0.963	0	0	0	25	25	24	 -8
                20	1	0.958	0	0	0	18	3	0	  0
                21	1	0.959	0	0	0	14	8	0	  0
                22	1	0.97	0	0	0	10	5	0	  0
                23	1	1	    0	0	0	 7  3	0	  0
                24	2	0.992	0	0	0	13	0	300  -300
                25	2	1.05	0	220	0	0	0	140	 -47
                26	2	1.015	0	314	0	0	0	1000 -1000
                27	2	0.968	0	0	0	71	13	300	 -300
                28	1	0.962	0	0	0	17	7	0	  0
                29	1	0.963	0	0	0	24	4	0	  0
                30	1	0.968	0	0	0	0	0	0	  0
                31	2	0.967	0	7	0	43	27	300	 -300
                32	2	0.964	0	0	0	39	23	42	 -14
                33	1	0.972	0	0	0	23	9	0	  0
                34	2	0.986	0	0	0	59	26	24	 -8
                35	1	0.981	0	0	0	33	9	0	  0
                36	2	0.98	0	0	0	31	17	24	 -8
                37	1	0.992	0	0	0	0	0	0	  0
                38	1	0.962	0	0	0	0	0	0	  0
                39	1	0.97	0	0	0	27	11	0	  0
                40	2	0.97	0	0	0	46	23	300	 -300
                41	1	0.967	0	0	0	37	10	0	  0
                42	2	0.985	0	0	0	66	23	300	 -300
                43	1	0.978	0	0	0	18	7	0	  0
                44	1	0.985	0	0	0	16	8	0	  0
                45	1	0.987	0	0	0	53	22	0	  0
                46	2	1.005	0	19	0	28	10	100	 -100
                47	1	1.017	0	0	0	34	0	0	  0
                48	1	1.021	0	0	0	20	11	0	  0
                49	2	1.025	0	204	0	87	30	210	 -85
                50	1	1.001	0	0	0	17	4	0	  0
                51	1	0.967	0	0	0	17	8	0	  0
                52	1	0.957	0	0	0	18	5	0	  0
                53	1	0.946	0	0	0	23	11	0	  0
                54	2	0.955	0	48	0	103	32	300	 -300
                55	2	0.952	0	0	0	63	22	23	 -8
                56	2	0.954	0	0	0	84	18	15	 -8
                57	1	0.971	0	0	0	12	3	0	  0
                58	1	0.959	0	0	0	12	3	0	  0
                59	2	0.985	0	155	0	177	93	180	 -60
                60	1	0.993	0	0	0	78	3	0	  0
                61	2	0.995	0	160	0	0	0	300	 -100
                62	2	0.998	0	0	0	77	14	20	 -20
                63	1	0.969	0	0	0	0	0	0	  0
                64	1	0.984	0	0	0	0	0	0	  0
                65	2	1.005	0	391	0	0	0	200	 -67
                66	2	1.05	0	392	0	39	18	200	 -67
                67	1	1.02	0	0	0	28	7	0	  0
                68	1	1.003	0	0	0	0	0	0	  0
                69	3	1.035	0  516	0	0	0	300  -300
                70	2	0.984	0	0	0	66	20	32	 -10
                71	1	0.987	0	0	0	0	0	0	  0
                72	2	0.98	0	0	0	12	0	100	 -100
                73	2	0.991	0	0	0	6	0	100	 -100
                74	2	0.958	0	0	0	68	27	9	  -6
                75	1	0.967	0	0	0	47	11	0	   0
                76	2	0.943	0	0	0	68	36	23	  -8
                77	2	1.006	0	0	0	61	28	70	 -20
                78	1	1.003	0	0	0	71	26	0	  0
                79	1	1.009	0	0	0	39	32	0	  0
                80	2	1.04	0	477	0	130	26	208	 -165
                81	1	0.997	0	0	0	0	0	0	  0
                82	1	0.989	0	0	0	54	27	0	  0
                83	1	0.985	0	0	0	20	10	0	  0
                84	1	0.98	0	0	0	11	7	0	  0
                85	2	0.985	0	0	0	24	15	23	  -8
                86	1	0.987	0	0	0	21	10	0	   0
                87	2	1.015	0	4	0	0	0	1000  -100
                88	1	0.987	0	0	0	48	10	0	  0
                89	2	1.005	0	607	0	0	0	300	  -210
                90	2	0.985	0	0	0	163	42	300	  -300
                91	2	0.98	0	0	0	10	0	100	  -100
                92	2	0.993	0	0	0	65	10	9	   -3
                93	1	0.987	0	0	0	12	7	0	    0
                94	1	0.991	0	0	0	30	16	0	    0
                95	1	0.981	0	0	0	42	31	0	    0
                96	1	0.993	0	0	0	38	15	0	    0
                97	1	1.011	0	0	0	15	9	0	    0
                98	1	1.024	0	0	0	34	8	0	    0
                99	2	1.01	0	0	0	42	0	100	  -100
                100	2	1.017	0	252	0	37	18	155	   -50
                101	1	0.993	0	0	0	22	15	0	    0
                102	1	0.991	0	0	0	5	3	0	    0
                103	2	1.001	0	40	0	23	16	155	  -15
                104	2	0.971	0	0	0	38	25	23	   -8
                105	2	0.965	0	0	0	31	26	23	   -8
                106	1	0.962	0	0	0	43	16	0	    0
                107	2	0.952	0	0	0	50	12	207	   -200
                108	1	0.967	0	0	0	2	1	0	    0
                109	1	0.967	0	0	0	8	3	0	    0
                110	2	0.973	0	0	0	39	30	23	    -8
                111	2	0.98	0	36	0	0	0	1000	-100
                112	2	0.975	0	0	0	68	13	1000	-100
                113	2	0.993	0	0	0	6	0	200	    -100
                114	1	0.96	0	0	0	8	3	0	     0
                115	1	0.96	0	0	0	22	7	0	     0
