% Returns Line datas of the system...

function linedt = linedatas(num)
        
%         |  From |  To   |   R     |   X     |     B/2  |  X'mer  |
%         |  Bus  | Bus   |  pu     |  pu     |     pu   | TAP (a) |
linedat30 = [1      2       0.0192    0.0575     0.0264         1   1.3000 
             1      3       0.0452    0.1652     0.0204         1   1.3000
             2      4       0.0570    0.1737     0.0184         1   0.6500
             3      4       0.0132    0.0379     0.0042         1   1.3000
             2      5       0.0472    0.1983     0.0209         1   1.3000
             2      6       0.0581    0.1763     0.0187         1   0.6500
             4      6       0.0119    0.0414     0.0045         1   0.9000
             5      7       0.0460    0.1160     0.0102         1   0.7000
             6      7       0.0267    0.0820     0.0085         1   1.3000
             6      8       0.0120    0.0420     0.0045         1   0.3200
             6      9       0.0       0.2080     0.0        0.978   0.6500
             6     10       0.0       0.5560     0.0        0.969   0.3200
             9     11       0.0       0.2080     0.0            1   0.6500
             9     10       0.0       0.1100     0.0            1   0.6500
             4     12       0.0       0.2560     0.0        0.932   0.6500
            12     13       0.0       0.1400     0.0            1   0.6500
            12     14       0.1231    0.2559     0.0            1   0.3200
            12     15       0.0662    0.1304     0.0            1   0.3200
            12     16       0.0945    0.1987     0.0            1   0.3200
            14     15       0.2210    0.1997     0.0            1   0.1600
            16     17       0.0824    0.1923     0.0            1   0.1600
            15     18       0.1073    0.2185     0.0            1   0.1600
            18     19       0.0639    0.1292     0.0            1   0.1600
            19     20       0.0340    0.0680     0.0            1   0.3200
            10     20       0.0936    0.2090     0.0            1   0.3200
            10     17       0.0324    0.0845     0.0            1   0.3200
            10     21       0.0348    0.0749     0.0            1   0.3200
            10     22       0.0727    0.1499     0.0            1   0.3200
            21     23       0.0116    0.0236     0.0            1   0.3200
            15     23       0.1000    0.2020     0.0            1   0.1600
            22     24       0.1150    0.1790     0.0            1   0.1600
            23     24       0.1320    0.2700     0.0            1   0.1600
            24     25       0.1885    0.3292     0.0            1   0.1600
            25     26       0.2544    0.3800     0.0            1   0.1600
            25     27       0.1093    0.2087     0.0            1   0.1600
            28     27       0.0       0.3960     0.0        0.968   0.6500
            27     29       0.2198    0.4153     0.0            1   0.1600
            27     30       0.3202    0.6027     0.0            1   0.1600
            29     30       0.2399    0.4533     0.0            1   0.1600
             8     28       0.0636    0.2000     0.0214         1   0.3200
             6     28       0.0169    0.0599     0.065          1   0.3200];  

%         |  From |  To   |   R     |   X     |     B/2  |  X'mer  |
%         |  Bus  | Bus   |  pu     |  pu     |     pu   | TAP (a) |
linedat118 = [1 1 2 0.0303 0.0999 0.0254 99.00
            2 1 3 0.0129 0.0424 0.0108 99.00
            3 4 5 0.0018 0.0080 0.0021 99.00
            4 3 5 0.0241 0.1080 0.0284 99.00
            5 5 6 0.0119 0.0540 0.0143 99.00
            6 6 7 0.0046 0.0208 0.0055 99.00
            7 8 9 0.0024 0.0305 1.1620 99.00
            8 8 5 0.0000 0.0267 0.0000 99.00
            9 9 10 0.0026 0.0322 1.2300 99.00
            10 4 11 0.0209 0.0688 0.0175 99.00
            11 5 11 0.0203 0.0682 0.0174 99.00
            12 11 12 0.0060 0.0196 0.0050 99.00
            13 2 12 0.0187 0.0616 0.0157 99.00
            14 3 12 0.0484 0.1600 0.0406 99.00
            15 7 12 0.0086 0.0340 0.0087 99.00
            16 11 13 0.0223 0.0731 0.0188 99.00
            17 12 14 0.0215 0.0707 0.0182 99.00
            18 13 15 0.0744 0.2444 0.0627 99.00
            19 14 15 0.0595 0.1950 0.0502 99.00
            20 12 16 0.0212 0.0834 0.0214 99.00
            21 15 17 0.0132 0.0437 0.0444 99.00
            22 16 17 0.0454 0.1801 0.0466 99.00
            23 17 18 0.0123 0.0505 0.0130 99.00
            24 18 19 0.0112 0.0493 0.0114 99.00
            25 19 20 0.0252 0.1170 0.0298 99.00
            26 15 19 0.0120 0.0394 0.0101 99.00
            27 20 21 0.0183 0.0849 0.0216 99.00
            28 21 22 0.0209 0.0970 0.0246 99.00 
            29 22 23 0.0342 0.1590 0.0404 99.00
            30 23 24 0.0135 0.0492 0.0498 99.00
            31 23 25 0.0156 0.0800 0.0864 99.00
            32 26 25 0.0000 0.0382 0.0000 99.00
            33 25 27 0.0318 0.1630 0.1764 99.00
            34 27 28 0.0191 0.0855 0.0216 99.00
            35 28 29 0.0237 0.0943 0.0238 99.00
            36 30 17 0.0000 0.0388 0.0000 99.00
            37 8 30 0.0043 0.0504 0.5140 99.00
            38 26 30 0.0080 0.0860 0.9080 99.00
            39 17 31 0.0474 0.1563 0.0399 99.00
            40 29 31 0.0108 0.0331 0.0083 99.00
            41 23 32 0.0317 0.1153 0.1173 99.00
            42 31 32 0.0298 0.0985 0.0251 99.00
            43 27 32 0.0229 0.0755 0.0193 99.00
            44 15 33 0.0380 0.1244 0.0319 99.00
            45 19 34 0.0752 0.2470 0.0632 99.00
            46 35 36 0.0022 0.0102 0.0027 99.00
            47 35 37 0.0110 0.0497 0.0132 99.00
            48 33 37 0.0415 0.1420 0.0366 99.00
            49 34 36 0.0087 0.0268 0.0057 99.00
            50 34 37 0.0026 0.0094 0.0098 99.00
            51 38 37 0.0000 0.0375 0.0000 99.00
            52 37 39 0.0321 0.1060 0.0270 99.00
            53 37 40 0.0593 0.1680 0.0420 99.00
            54 30 38 0.0046 0.0540 0.4220 99.00
            55 39 40 0.0184 0.0605 0.0155 99.00
            56 40 41 0.0145 0.0487 0.0122 99.00
            57 40 42 0.0555 0.1830 0.0466 99.00
            58 41 42 0.0410 0.1350 0.0344 99.00
            59 43 44 0.0608 0.2454 0.0607 99.00
            60 34 43 0.0413 0.1681 0.0423 99.00
            61 44 45 0.0224 0.0901 0.0224 99.00
            62 45 46 0.0400 0.1356 0.0332 99.00
            63 46 47 0.0380 0.1270 0.0316 99.00
            64 46 48 0.0601 0.1890 0.0472 99.00
            65 47 49 0.0191 0.0625 0.0160 99.00
            66 42 49 0.0715 0.3230 0.0860 99.00
            67 42 49 0.0715 0.3230 0.0860 99.00
            68 45 49 0.0684 0.1860 0.0444 99.00
            69 48 49 0.0179 0.0505 0.0126 99.00
            70 49 50 0.0267 0.0752 0.0187 99.00
            71 49 51 0.0486 0.1370 0.0342 99.00
            72 51 52 0.0203 0.0588 0.0140 99.00
            73 52 53 0.0405 0.1635 0.0406 99.00
            74 53 54 0.0263 0.1220 0.0310 99.00
            75 49 54 0.0730 0.2890 0.0738 99.00
            76 49 54 0.0869 0.2910 0.0730 99.00
            77 54 55 0.0169 0.0707 0.0202 99.00
            78 54 56 0.0028 0.0096 0.0073 99.00
            79 55 56 0.0049 0.0151 0.0037 99.00
            80 56 57 0.0343 0.0966 0.0242 99.00 
            81 50 57 0.0474 0.1340 0.0332 99.00
            82 56 58 0.0343 0.0966 0.0242 99.00
            83 51 58 0.0255 0.0719 0.0179 99.00
            84 54 59 0.0503 0.2293 0.0598 99.00
            85 56 59 0.0825 0.2510 0.0569 99.00
            86 56 59 0.0803 0.2390 0.0536 99.00
            87 55 59 0.0474 0.2158 0.0565 99.00
            88 59 60 0.0317 0.1450 0.0376 99.00
            89 59 61 0.0328 0.1500 0.0388 99.00
            90 60 61 0.0026 0.0135 0.0146 99.00
            91 60 62 0.0123 0.0561 0.0147 99.00
            92 61 62 0.0082 0.0376 0.0098 99.00
